(kicad_pcb (version 20171130) (host pcbnew "(5.1.5)-3")

  (general
    (thickness 1.6)
    (drawings 7)
    (tracks 194)
    (zones 0)
    (modules 30)
    (nets 23)
  )

  (page A4)
  (layers
    (0 F.Cu signal)
    (31 B.Cu signal)
    (32 B.Adhes user)
    (33 F.Adhes user)
    (34 B.Paste user)
    (35 F.Paste user)
    (36 B.SilkS user)
    (37 F.SilkS user)
    (38 B.Mask user)
    (39 F.Mask user)
    (40 Dwgs.User user)
    (41 Cmts.User user)
    (42 Eco1.User user)
    (43 Eco2.User user)
    (44 Edge.Cuts user)
    (45 Margin user)
    (46 B.CrtYd user)
    (47 F.CrtYd user)
    (48 B.Fab user)
    (49 F.Fab user hide)
  )

  (setup
    (last_trace_width 0.25)
    (user_trace_width 1)
    (trace_clearance 0.2)
    (zone_clearance 0.508)
    (zone_45_only no)
    (trace_min 0.2)
    (via_size 0.8)
    (via_drill 0.4)
    (via_min_size 0.4)
    (via_min_drill 0.3)
    (uvia_size 0.3)
    (uvia_drill 0.1)
    (uvias_allowed no)
    (uvia_min_size 0.2)
    (uvia_min_drill 0.1)
    (edge_width 0.05)
    (segment_width 0.2)
    (pcb_text_width 0.3)
    (pcb_text_size 1.5 1.5)
    (mod_edge_width 0.12)
    (mod_text_size 1 1)
    (mod_text_width 0.15)
    (pad_size 3 3)
    (pad_drill 3)
    (pad_to_mask_clearance 0.051)
    (solder_mask_min_width 0.25)
    (aux_axis_origin 0 0)
    (visible_elements 7FFFFFFF)
    (pcbplotparams
      (layerselection 0x010fc_ffffffff)
      (usegerberextensions false)
      (usegerberattributes false)
      (usegerberadvancedattributes false)
      (creategerberjobfile false)
      (excludeedgelayer true)
      (linewidth 0.100000)
      (plotframeref false)
      (viasonmask false)
      (mode 1)
      (useauxorigin false)
      (hpglpennumber 1)
      (hpglpenspeed 20)
      (hpglpendiameter 15.000000)
      (psnegative false)
      (psa4output false)
      (plotreference true)
      (plotvalue true)
      (plotinvisibletext false)
      (padsonsilk false)
      (subtractmaskfromsilk false)
      (outputformat 1)
      (mirror false)
      (drillshape 1)
      (scaleselection 1)
      (outputdirectory ""))
  )

  (net 0 "")
  (net 1 BAT_V)
  (net 2 "Net-(BT1-Pad2)")
  (net 3 CHR_O)
  (net 4 GNDREF)
  (net 5 +5V)
  (net 6 "Net-(D1-Pad1)")
  (net 7 "Net-(D2-Pad2)")
  (net 8 "Net-(D3-Pad2)")
  (net 9 "Net-(J1-Pad6)")
  (net 10 "Net-(J1-Pad2)")
  (net 11 "Net-(J1-Pad3)")
  (net 12 "Net-(J1-Pad4)")
  (net 13 CHG)
  (net 14 "Net-(Q1-Pad3)")
  (net 15 "Net-(Q2-Pad2)")
  (net 16 "Net-(Q3-Pad1)")
  (net 17 ~TRK~)
  (net 18 "Net-(Q3-Pad3)")
  (net 19 ~SLOW~)
  (net 20 "Net-(R4-Pad1)")
  (net 21 "Net-(R5-Pad1)")
  (net 22 "Net-(R8-Pad2)")

  (net_class Default "This is the default net class."
    (clearance 0.2)
    (trace_width 0.25)
    (via_dia 0.8)
    (via_drill 0.4)
    (uvia_dia 0.3)
    (uvia_drill 0.1)
    (add_net +5V)
    (add_net BAT_V)
    (add_net CHG)
    (add_net CHR_O)
    (add_net GNDREF)
    (add_net "Net-(BT1-Pad2)")
    (add_net "Net-(D1-Pad1)")
    (add_net "Net-(D2-Pad2)")
    (add_net "Net-(D3-Pad2)")
    (add_net "Net-(J1-Pad2)")
    (add_net "Net-(J1-Pad3)")
    (add_net "Net-(J1-Pad4)")
    (add_net "Net-(J1-Pad6)")
    (add_net "Net-(Q1-Pad3)")
    (add_net "Net-(Q2-Pad2)")
    (add_net "Net-(Q3-Pad1)")
    (add_net "Net-(Q3-Pad3)")
    (add_net "Net-(R4-Pad1)")
    (add_net "Net-(R5-Pad1)")
    (add_net "Net-(R8-Pad2)")
    (add_net ~SLOW~)
    (add_net ~TRK~)
  )

  (module Battery:BatteryHolder_Keystone_2466_1xAAA (layer B.Cu) (tedit 5B254C39) (tstamp 60AA2A81)
    (at 98.225001 73.750001)
    (descr "1xAAA Battery Holder, Keystone, Plastic Case, http://www.keyelco.com/product-pdf.cfm?p=1031")
    (tags "AAA battery holder Keystone")
    (path /6047BFA5)
    (fp_text reference BT1 (at 0 8 -180) (layer B.SilkS)
      (effects (font (size 1 1) (thickness 0.15)) (justify mirror))
    )
    (fp_text value Battery_Cell (at 22 0) (layer B.Fab)
      (effects (font (size 1 1) (thickness 0.15)) (justify mirror))
    )
    (fp_text user - (at 48.26 0) (layer B.SilkS)
      (effects (font (size 1 1) (thickness 0.15)) (justify mirror))
    )
    (fp_text user + (at -3.81 0) (layer B.SilkS)
      (effects (font (size 1 1) (thickness 0.15)) (justify mirror))
    )
    (fp_text user %R (at 0 0) (layer B.Fab)
      (effects (font (size 1 1) (thickness 0.15)) (justify mirror))
    )
    (fp_line (start 47.8 -7) (end 47.8 7) (layer B.CrtYd) (width 0.05))
    (fp_line (start -3.2 -7) (end 47.8 -7) (layer B.CrtYd) (width 0.05))
    (fp_line (start -3.2 7) (end -3.2 -7) (layer B.CrtYd) (width 0.05))
    (fp_line (start 47.8 7) (end -3.2 7) (layer B.CrtYd) (width 0.05))
    (fp_line (start 47.4 -6.6) (end 47.4 6.6) (layer B.SilkS) (width 0.12))
    (fp_line (start -2.8 -6.6) (end 47.4 -6.6) (layer B.SilkS) (width 0.12))
    (fp_line (start -2.8 6.6) (end -2.8 -6.6) (layer B.SilkS) (width 0.12))
    (fp_line (start 47.4 6.6) (end -2.8 6.6) (layer B.SilkS) (width 0.12))
    (fp_line (start 40 1) (end 40 -1) (layer B.SilkS) (width 0.12))
    (fp_line (start 41 2) (end 41 -2) (layer B.SilkS) (width 0.12))
    (fp_line (start 42 -3) (end 42 3) (layer B.SilkS) (width 0.12))
    (fp_line (start 43 4) (end 43 -4) (layer B.SilkS) (width 0.12))
    (fp_line (start -2 2) (end -1 2) (layer B.SilkS) (width 0.12))
    (fp_line (start -1 -2) (end -2 -2) (layer B.SilkS) (width 0.12))
    (fp_line (start 15 -6) (end 29 -6) (layer B.SilkS) (width 0.12))
    (fp_line (start 29 6) (end 15 6) (layer B.SilkS) (width 0.12))
    (fp_arc (start 31 6) (end 31 4) (angle -90) (layer B.SilkS) (width 0.12))
    (fp_arc (start 13 6) (end 15 6) (angle -90) (layer B.SilkS) (width 0.12))
    (fp_arc (start 13 -6) (end 13 -4) (angle -90) (layer B.SilkS) (width 0.12))
    (fp_arc (start 31 -6) (end 29 -6) (angle -90) (layer B.SilkS) (width 0.12))
    (fp_line (start 3 -4) (end 13 -4) (layer B.SilkS) (width 0.12))
    (fp_line (start 3 4) (end 13 4) (layer B.SilkS) (width 0.12))
    (fp_arc (start 3 -6) (end 1 -6) (angle -90) (layer B.SilkS) (width 0.12))
    (fp_line (start 41 4) (end 31 4) (layer B.SilkS) (width 0.12))
    (fp_line (start 41 -4) (end 31 -4) (layer B.SilkS) (width 0.12))
    (fp_arc (start 41 -6) (end 41 -4) (angle -90) (layer B.SilkS) (width 0.12))
    (fp_arc (start 41 6) (end 43 6) (angle -90) (layer B.SilkS) (width 0.12))
    (fp_arc (start 3 6) (end 3 4) (angle -90) (layer B.SilkS) (width 0.12))
    (fp_line (start -2 6) (end 1 6) (layer B.SilkS) (width 0.12))
    (fp_line (start -2 6) (end -2 -6) (layer B.SilkS) (width 0.12))
    (fp_line (start -2 -6) (end 1 -6) (layer B.SilkS) (width 0.12))
    (fp_line (start 46 6) (end 43 6) (layer B.SilkS) (width 0.12))
    (fp_line (start 46 6) (end 46 -6) (layer B.SilkS) (width 0.12))
    (fp_line (start 46 -6) (end 43 -6) (layer B.SilkS) (width 0.12))
    (fp_line (start -2.7 0) (end -2.7 6.5) (layer B.Fab) (width 0.1))
    (fp_line (start -2.7 6.5) (end 47.3 6.5) (layer B.Fab) (width 0.1))
    (fp_line (start 47.3 6.5) (end 47.3 -6.5) (layer B.Fab) (width 0.1))
    (fp_line (start 47.3 -6.5) (end -2.7 -6.5) (layer B.Fab) (width 0.1))
    (fp_line (start -2.7 -6.5) (end -2.7 0) (layer B.Fab) (width 0.1))
    (pad 1 thru_hole rect (at 0 0) (size 2 2) (drill 1.02) (layers *.Cu *.Mask)
      (net 1 BAT_V))
    (pad 2 thru_hole circle (at 44.7 0) (size 2 2) (drill 1.02) (layers *.Cu *.Mask)
      (net 2 "Net-(BT1-Pad2)"))
    (model ${KISYS3DMOD}/Battery.3dshapes/BatteryHolder_Keystone_2466_1xAAA.wrl
      (at (xyz 0 0 0))
      (scale (xyz 1 1 1))
      (rotate (xyz 0 0 0))
    )
  )

  (module Battery:BatteryHolder_Keystone_2466_1xAAA (layer B.Cu) (tedit 5B254C39) (tstamp 60AA2AB1)
    (at 142.925 88.725 180)
    (descr "1xAAA Battery Holder, Keystone, Plastic Case, http://www.keyelco.com/product-pdf.cfm?p=1031")
    (tags "AAA battery holder Keystone")
    (path /6047D8C6)
    (fp_text reference BT2 (at 0 8 180) (layer B.SilkS)
      (effects (font (size 1 1) (thickness 0.15)) (justify mirror))
    )
    (fp_text value Battery_Cell (at 22 0) (layer B.Fab)
      (effects (font (size 1 1) (thickness 0.15)) (justify mirror))
    )
    (fp_line (start -2.7 -6.5) (end -2.7 0) (layer B.Fab) (width 0.1))
    (fp_line (start 47.3 -6.5) (end -2.7 -6.5) (layer B.Fab) (width 0.1))
    (fp_line (start 47.3 6.5) (end 47.3 -6.5) (layer B.Fab) (width 0.1))
    (fp_line (start -2.7 6.5) (end 47.3 6.5) (layer B.Fab) (width 0.1))
    (fp_line (start -2.7 0) (end -2.7 6.5) (layer B.Fab) (width 0.1))
    (fp_line (start 46 -6) (end 43 -6) (layer B.SilkS) (width 0.12))
    (fp_line (start 46 6) (end 46 -6) (layer B.SilkS) (width 0.12))
    (fp_line (start 46 6) (end 43 6) (layer B.SilkS) (width 0.12))
    (fp_line (start -2 -6) (end 1 -6) (layer B.SilkS) (width 0.12))
    (fp_line (start -2 6) (end -2 -6) (layer B.SilkS) (width 0.12))
    (fp_line (start -2 6) (end 1 6) (layer B.SilkS) (width 0.12))
    (fp_arc (start 3 6) (end 3 4) (angle -90) (layer B.SilkS) (width 0.12))
    (fp_arc (start 41 6) (end 43 6) (angle -90) (layer B.SilkS) (width 0.12))
    (fp_arc (start 41 -6) (end 41 -4) (angle -90) (layer B.SilkS) (width 0.12))
    (fp_line (start 41 -4) (end 31 -4) (layer B.SilkS) (width 0.12))
    (fp_line (start 41 4) (end 31 4) (layer B.SilkS) (width 0.12))
    (fp_arc (start 3 -6) (end 1 -6) (angle -90) (layer B.SilkS) (width 0.12))
    (fp_line (start 3 4) (end 13 4) (layer B.SilkS) (width 0.12))
    (fp_line (start 3 -4) (end 13 -4) (layer B.SilkS) (width 0.12))
    (fp_arc (start 31 -6) (end 29 -6) (angle -90) (layer B.SilkS) (width 0.12))
    (fp_arc (start 13 -6) (end 13 -4) (angle -90) (layer B.SilkS) (width 0.12))
    (fp_arc (start 13 6) (end 15 6) (angle -90) (layer B.SilkS) (width 0.12))
    (fp_arc (start 31 6) (end 31 4) (angle -90) (layer B.SilkS) (width 0.12))
    (fp_line (start 29 6) (end 15 6) (layer B.SilkS) (width 0.12))
    (fp_line (start 15 -6) (end 29 -6) (layer B.SilkS) (width 0.12))
    (fp_line (start -1 -2) (end -2 -2) (layer B.SilkS) (width 0.12))
    (fp_line (start -2 2) (end -1 2) (layer B.SilkS) (width 0.12))
    (fp_line (start 43 4) (end 43 -4) (layer B.SilkS) (width 0.12))
    (fp_line (start 42 -3) (end 42 3) (layer B.SilkS) (width 0.12))
    (fp_line (start 41 2) (end 41 -2) (layer B.SilkS) (width 0.12))
    (fp_line (start 40 1) (end 40 -1) (layer B.SilkS) (width 0.12))
    (fp_line (start 47.4 6.6) (end -2.8 6.6) (layer B.SilkS) (width 0.12))
    (fp_line (start -2.8 6.6) (end -2.8 -6.6) (layer B.SilkS) (width 0.12))
    (fp_line (start -2.8 -6.6) (end 47.4 -6.6) (layer B.SilkS) (width 0.12))
    (fp_line (start 47.4 -6.6) (end 47.4 6.6) (layer B.SilkS) (width 0.12))
    (fp_line (start 47.8 7) (end -3.2 7) (layer B.CrtYd) (width 0.05))
    (fp_line (start -3.2 7) (end -3.2 -7) (layer B.CrtYd) (width 0.05))
    (fp_line (start -3.2 -7) (end 47.8 -7) (layer B.CrtYd) (width 0.05))
    (fp_line (start 47.8 -7) (end 47.8 7) (layer B.CrtYd) (width 0.05))
    (fp_text user %R (at 0 0) (layer B.Fab)
      (effects (font (size 1 1) (thickness 0.15)) (justify mirror))
    )
    (fp_text user + (at -3.81 0) (layer B.SilkS)
      (effects (font (size 1 1) (thickness 0.15)) (justify mirror))
    )
    (fp_text user - (at 48.26 0) (layer B.SilkS)
      (effects (font (size 1 1) (thickness 0.15)) (justify mirror))
    )
    (pad 2 thru_hole circle (at 44.7 0 180) (size 2 2) (drill 1.02) (layers *.Cu *.Mask)
      (net 3 CHR_O))
    (pad 1 thru_hole rect (at 0 0 180) (size 2 2) (drill 1.02) (layers *.Cu *.Mask)
      (net 2 "Net-(BT1-Pad2)"))
    (model ${KISYS3DMOD}/Battery.3dshapes/BatteryHolder_Keystone_2466_1xAAA.wrl
      (at (xyz 0 0 0))
      (scale (xyz 1 1 1))
      (rotate (xyz 0 0 0))
    )
  )

  (module Battery:BatteryHolder_Keystone_2466_1xAAA (layer B.Cu) (tedit 5B254C39) (tstamp 60AA2AE1)
    (at 98.225001 103.850001)
    (descr "1xAAA Battery Holder, Keystone, Plastic Case, http://www.keyelco.com/product-pdf.cfm?p=1031")
    (tags "AAA battery holder Keystone")
    (path /6047E02B)
    (fp_text reference BT3 (at 0 8 -180) (layer B.SilkS)
      (effects (font (size 1 1) (thickness 0.15)) (justify mirror))
    )
    (fp_text value Battery_Cell (at 22 0) (layer B.Fab)
      (effects (font (size 1 1) (thickness 0.15)) (justify mirror))
    )
    (fp_text user - (at 48.26 0) (layer B.SilkS)
      (effects (font (size 1 1) (thickness 0.15)) (justify mirror))
    )
    (fp_text user + (at -3.81 0) (layer B.SilkS)
      (effects (font (size 1 1) (thickness 0.15)) (justify mirror))
    )
    (fp_text user %R (at 0 0) (layer B.Fab)
      (effects (font (size 1 1) (thickness 0.15)) (justify mirror))
    )
    (fp_line (start 47.8 -7) (end 47.8 7) (layer B.CrtYd) (width 0.05))
    (fp_line (start -3.2 -7) (end 47.8 -7) (layer B.CrtYd) (width 0.05))
    (fp_line (start -3.2 7) (end -3.2 -7) (layer B.CrtYd) (width 0.05))
    (fp_line (start 47.8 7) (end -3.2 7) (layer B.CrtYd) (width 0.05))
    (fp_line (start 47.4 -6.6) (end 47.4 6.6) (layer B.SilkS) (width 0.12))
    (fp_line (start -2.8 -6.6) (end 47.4 -6.6) (layer B.SilkS) (width 0.12))
    (fp_line (start -2.8 6.6) (end -2.8 -6.6) (layer B.SilkS) (width 0.12))
    (fp_line (start 47.4 6.6) (end -2.8 6.6) (layer B.SilkS) (width 0.12))
    (fp_line (start 40 1) (end 40 -1) (layer B.SilkS) (width 0.12))
    (fp_line (start 41 2) (end 41 -2) (layer B.SilkS) (width 0.12))
    (fp_line (start 42 -3) (end 42 3) (layer B.SilkS) (width 0.12))
    (fp_line (start 43 4) (end 43 -4) (layer B.SilkS) (width 0.12))
    (fp_line (start -2 2) (end -1 2) (layer B.SilkS) (width 0.12))
    (fp_line (start -1 -2) (end -2 -2) (layer B.SilkS) (width 0.12))
    (fp_line (start 15 -6) (end 29 -6) (layer B.SilkS) (width 0.12))
    (fp_line (start 29 6) (end 15 6) (layer B.SilkS) (width 0.12))
    (fp_arc (start 31 6) (end 31 4) (angle -90) (layer B.SilkS) (width 0.12))
    (fp_arc (start 13 6) (end 15 6) (angle -90) (layer B.SilkS) (width 0.12))
    (fp_arc (start 13 -6) (end 13 -4) (angle -90) (layer B.SilkS) (width 0.12))
    (fp_arc (start 31 -6) (end 29 -6) (angle -90) (layer B.SilkS) (width 0.12))
    (fp_line (start 3 -4) (end 13 -4) (layer B.SilkS) (width 0.12))
    (fp_line (start 3 4) (end 13 4) (layer B.SilkS) (width 0.12))
    (fp_arc (start 3 -6) (end 1 -6) (angle -90) (layer B.SilkS) (width 0.12))
    (fp_line (start 41 4) (end 31 4) (layer B.SilkS) (width 0.12))
    (fp_line (start 41 -4) (end 31 -4) (layer B.SilkS) (width 0.12))
    (fp_arc (start 41 -6) (end 41 -4) (angle -90) (layer B.SilkS) (width 0.12))
    (fp_arc (start 41 6) (end 43 6) (angle -90) (layer B.SilkS) (width 0.12))
    (fp_arc (start 3 6) (end 3 4) (angle -90) (layer B.SilkS) (width 0.12))
    (fp_line (start -2 6) (end 1 6) (layer B.SilkS) (width 0.12))
    (fp_line (start -2 6) (end -2 -6) (layer B.SilkS) (width 0.12))
    (fp_line (start -2 -6) (end 1 -6) (layer B.SilkS) (width 0.12))
    (fp_line (start 46 6) (end 43 6) (layer B.SilkS) (width 0.12))
    (fp_line (start 46 6) (end 46 -6) (layer B.SilkS) (width 0.12))
    (fp_line (start 46 -6) (end 43 -6) (layer B.SilkS) (width 0.12))
    (fp_line (start -2.7 0) (end -2.7 6.5) (layer B.Fab) (width 0.1))
    (fp_line (start -2.7 6.5) (end 47.3 6.5) (layer B.Fab) (width 0.1))
    (fp_line (start 47.3 6.5) (end 47.3 -6.5) (layer B.Fab) (width 0.1))
    (fp_line (start 47.3 -6.5) (end -2.7 -6.5) (layer B.Fab) (width 0.1))
    (fp_line (start -2.7 -6.5) (end -2.7 0) (layer B.Fab) (width 0.1))
    (pad 1 thru_hole rect (at 0 0) (size 2 2) (drill 1.02) (layers *.Cu *.Mask)
      (net 3 CHR_O))
    (pad 2 thru_hole circle (at 44.7 0) (size 2 2) (drill 1.02) (layers *.Cu *.Mask)
      (net 4 GNDREF))
    (model ${KISYS3DMOD}/Battery.3dshapes/BatteryHolder_Keystone_2466_1xAAA.wrl
      (at (xyz 0 0 0))
      (scale (xyz 1 1 1))
      (rotate (xyz 0 0 0))
    )
  )

  (module Diode_SMD:D_0805_2012Metric (layer F.Cu) (tedit 5B36C52B) (tstamp 60AA2AF4)
    (at 132.1 108.5125 270)
    (descr "Diode SMD 0805 (2012 Metric), square (rectangular) end terminal, IPC_7351 nominal, (Body size source: https://docs.google.com/spreadsheets/d/1BsfQQcO9C6DZCsRaXUlFlo91Tg2WpOkGARC1WS5S8t0/edit?usp=sharing), generated with kicad-footprint-generator")
    (tags diode)
    (path /6046F2E1)
    (attr smd)
    (fp_text reference D1 (at 0 -1.65 90) (layer F.SilkS)
      (effects (font (size 1 1) (thickness 0.15)))
    )
    (fp_text value D_Shockley (at 0 1.65 90) (layer F.Fab)
      (effects (font (size 1 1) (thickness 0.15)))
    )
    (fp_text user %R (at 0 0 90) (layer F.Fab)
      (effects (font (size 0.5 0.5) (thickness 0.08)))
    )
    (fp_line (start 1.68 0.95) (end -1.68 0.95) (layer F.CrtYd) (width 0.05))
    (fp_line (start 1.68 -0.95) (end 1.68 0.95) (layer F.CrtYd) (width 0.05))
    (fp_line (start -1.68 -0.95) (end 1.68 -0.95) (layer F.CrtYd) (width 0.05))
    (fp_line (start -1.68 0.95) (end -1.68 -0.95) (layer F.CrtYd) (width 0.05))
    (fp_line (start -1.685 0.96) (end 1 0.96) (layer F.SilkS) (width 0.12))
    (fp_line (start -1.685 -0.96) (end -1.685 0.96) (layer F.SilkS) (width 0.12))
    (fp_line (start 1 -0.96) (end -1.685 -0.96) (layer F.SilkS) (width 0.12))
    (fp_line (start 1 0.6) (end 1 -0.6) (layer F.Fab) (width 0.1))
    (fp_line (start -1 0.6) (end 1 0.6) (layer F.Fab) (width 0.1))
    (fp_line (start -1 -0.3) (end -1 0.6) (layer F.Fab) (width 0.1))
    (fp_line (start -0.7 -0.6) (end -1 -0.3) (layer F.Fab) (width 0.1))
    (fp_line (start 1 -0.6) (end -0.7 -0.6) (layer F.Fab) (width 0.1))
    (pad 2 smd roundrect (at 0.9375 0 270) (size 0.975 1.4) (layers F.Cu F.Paste F.Mask) (roundrect_rratio 0.25)
      (net 5 +5V))
    (pad 1 smd roundrect (at -0.9375 0 270) (size 0.975 1.4) (layers F.Cu F.Paste F.Mask) (roundrect_rratio 0.25)
      (net 6 "Net-(D1-Pad1)"))
    (model ${KISYS3DMOD}/Diode_SMD.3dshapes/D_0805_2012Metric.wrl
      (at (xyz 0 0 0))
      (scale (xyz 1 1 1))
      (rotate (xyz 0 0 0))
    )
  )

  (module Diode_SMD:D_0805_2012Metric (layer F.Cu) (tedit 5B36C52B) (tstamp 60AA2B07)
    (at 112.1 116.9375 90)
    (descr "Diode SMD 0805 (2012 Metric), square (rectangular) end terminal, IPC_7351 nominal, (Body size source: https://docs.google.com/spreadsheets/d/1BsfQQcO9C6DZCsRaXUlFlo91Tg2WpOkGARC1WS5S8t0/edit?usp=sharing), generated with kicad-footprint-generator")
    (tags diode)
    (path /60472A6E)
    (attr smd)
    (fp_text reference D2 (at 0 -1.65 90) (layer F.SilkS)
      (effects (font (size 1 1) (thickness 0.15)))
    )
    (fp_text value LED (at 0 1.65 90) (layer F.Fab)
      (effects (font (size 1 1) (thickness 0.15)))
    )
    (fp_line (start 1 -0.6) (end -0.7 -0.6) (layer F.Fab) (width 0.1))
    (fp_line (start -0.7 -0.6) (end -1 -0.3) (layer F.Fab) (width 0.1))
    (fp_line (start -1 -0.3) (end -1 0.6) (layer F.Fab) (width 0.1))
    (fp_line (start -1 0.6) (end 1 0.6) (layer F.Fab) (width 0.1))
    (fp_line (start 1 0.6) (end 1 -0.6) (layer F.Fab) (width 0.1))
    (fp_line (start 1 -0.96) (end -1.685 -0.96) (layer F.SilkS) (width 0.12))
    (fp_line (start -1.685 -0.96) (end -1.685 0.96) (layer F.SilkS) (width 0.12))
    (fp_line (start -1.685 0.96) (end 1 0.96) (layer F.SilkS) (width 0.12))
    (fp_line (start -1.68 0.95) (end -1.68 -0.95) (layer F.CrtYd) (width 0.05))
    (fp_line (start -1.68 -0.95) (end 1.68 -0.95) (layer F.CrtYd) (width 0.05))
    (fp_line (start 1.68 -0.95) (end 1.68 0.95) (layer F.CrtYd) (width 0.05))
    (fp_line (start 1.68 0.95) (end -1.68 0.95) (layer F.CrtYd) (width 0.05))
    (fp_text user %R (at 0 0 90) (layer F.Fab)
      (effects (font (size 0.5 0.5) (thickness 0.08)))
    )
    (pad 1 smd roundrect (at -0.9375 0 90) (size 0.975 1.4) (layers F.Cu F.Paste F.Mask) (roundrect_rratio 0.25)
      (net 4 GNDREF))
    (pad 2 smd roundrect (at 0.9375 0 90) (size 0.975 1.4) (layers F.Cu F.Paste F.Mask) (roundrect_rratio 0.25)
      (net 7 "Net-(D2-Pad2)"))
    (model ${KISYS3DMOD}/Diode_SMD.3dshapes/D_0805_2012Metric.wrl
      (at (xyz 0 0 0))
      (scale (xyz 1 1 1))
      (rotate (xyz 0 0 0))
    )
  )

  (module Diode_SMD:D_0805_2012Metric (layer F.Cu) (tedit 5B36C52B) (tstamp 60AA2B1A)
    (at 116.075 105.9375 270)
    (descr "Diode SMD 0805 (2012 Metric), square (rectangular) end terminal, IPC_7351 nominal, (Body size source: https://docs.google.com/spreadsheets/d/1BsfQQcO9C6DZCsRaXUlFlo91Tg2WpOkGARC1WS5S8t0/edit?usp=sharing), generated with kicad-footprint-generator")
    (tags diode)
    (path /60475FF2)
    (attr smd)
    (fp_text reference D3 (at 0 -1.65 90) (layer F.SilkS)
      (effects (font (size 1 1) (thickness 0.15)))
    )
    (fp_text value D_Shockley (at 0 1.65 90) (layer F.Fab)
      (effects (font (size 1 1) (thickness 0.15)))
    )
    (fp_line (start 1 -0.6) (end -0.7 -0.6) (layer F.Fab) (width 0.1))
    (fp_line (start -0.7 -0.6) (end -1 -0.3) (layer F.Fab) (width 0.1))
    (fp_line (start -1 -0.3) (end -1 0.6) (layer F.Fab) (width 0.1))
    (fp_line (start -1 0.6) (end 1 0.6) (layer F.Fab) (width 0.1))
    (fp_line (start 1 0.6) (end 1 -0.6) (layer F.Fab) (width 0.1))
    (fp_line (start 1 -0.96) (end -1.685 -0.96) (layer F.SilkS) (width 0.12))
    (fp_line (start -1.685 -0.96) (end -1.685 0.96) (layer F.SilkS) (width 0.12))
    (fp_line (start -1.685 0.96) (end 1 0.96) (layer F.SilkS) (width 0.12))
    (fp_line (start -1.68 0.95) (end -1.68 -0.95) (layer F.CrtYd) (width 0.05))
    (fp_line (start -1.68 -0.95) (end 1.68 -0.95) (layer F.CrtYd) (width 0.05))
    (fp_line (start 1.68 -0.95) (end 1.68 0.95) (layer F.CrtYd) (width 0.05))
    (fp_line (start 1.68 0.95) (end -1.68 0.95) (layer F.CrtYd) (width 0.05))
    (fp_text user %R (at 0 0 90) (layer F.Fab)
      (effects (font (size 0.5 0.5) (thickness 0.08)))
    )
    (pad 1 smd roundrect (at -0.9375 0 270) (size 0.975 1.4) (layers F.Cu F.Paste F.Mask) (roundrect_rratio 0.25)
      (net 1 BAT_V))
    (pad 2 smd roundrect (at 0.9375 0 270) (size 0.975 1.4) (layers F.Cu F.Paste F.Mask) (roundrect_rratio 0.25)
      (net 8 "Net-(D3-Pad2)"))
    (model ${KISYS3DMOD}/Diode_SMD.3dshapes/D_0805_2012Metric.wrl
      (at (xyz 0 0 0))
      (scale (xyz 1 1 1))
      (rotate (xyz 0 0 0))
    )
  )

  (module TerminalBlock_RND:TerminalBlock_RND_205-00001_1x02_P5.00mm_Horizontal (layer F.Cu) (tedit 5B294F8C) (tstamp 60AA2B70)
    (at 98.2 60.525)
    (descr "terminal block RND 205-00001, 2 pins, pitch 5mm, size 10x9mm^2, drill diamater 1.3mm, pad diameter 2.5mm, see http://cdn-reichelt.de/documents/datenblatt/C151/RND_205-00001_DB_EN.pdf, script-generated using https://github.com/pointhi/kicad-footprint-generator/scripts/TerminalBlock_RND")
    (tags "THT terminal block RND 205-00001 pitch 5mm size 10x9mm^2 drill 1.3mm pad 2.5mm")
    (path /604823FE)
    (fp_text reference J2 (at 2.5 5.525) (layer F.SilkS)
      (effects (font (size 1 1) (thickness 0.15)))
    )
    (fp_text value "Bat +" (at 2.5 5.06) (layer F.Fab)
      (effects (font (size 1 1) (thickness 0.15)))
    )
    (fp_arc (start 0 0) (end 0 1.68) (angle -28) (layer F.SilkS) (width 0.12))
    (fp_arc (start 0 0) (end 1.484 0.789) (angle -56) (layer F.SilkS) (width 0.12))
    (fp_arc (start 0 0) (end 0.789 -1.484) (angle -56) (layer F.SilkS) (width 0.12))
    (fp_arc (start 0 0) (end -1.484 -0.789) (angle -56) (layer F.SilkS) (width 0.12))
    (fp_arc (start 0 0) (end -0.789 1.484) (angle -29) (layer F.SilkS) (width 0.12))
    (fp_circle (center 0 0) (end 1.5 0) (layer F.Fab) (width 0.1))
    (fp_circle (center 0 -3) (end 0.9 -3) (layer F.Fab) (width 0.1))
    (fp_circle (center 0 -3) (end 0.9 -3) (layer F.SilkS) (width 0.12))
    (fp_circle (center 5 0) (end 6.5 0) (layer F.Fab) (width 0.1))
    (fp_circle (center 5 0) (end 6.68 0) (layer F.SilkS) (width 0.12))
    (fp_circle (center 5 -3) (end 5.9 -3) (layer F.Fab) (width 0.1))
    (fp_circle (center 5 -3) (end 5.9 -3) (layer F.SilkS) (width 0.12))
    (fp_line (start -2.5 -5) (end 7.5 -5) (layer F.Fab) (width 0.1))
    (fp_line (start 7.5 -5) (end 7.5 4) (layer F.Fab) (width 0.1))
    (fp_line (start 7.5 4) (end -1 4) (layer F.Fab) (width 0.1))
    (fp_line (start -1 4) (end -2.5 2.5) (layer F.Fab) (width 0.1))
    (fp_line (start -2.5 2.5) (end -2.5 -5) (layer F.Fab) (width 0.1))
    (fp_line (start -2.5 2.5) (end 7.5 2.5) (layer F.Fab) (width 0.1))
    (fp_line (start -2.56 2.5) (end 7.56 2.5) (layer F.SilkS) (width 0.12))
    (fp_line (start -2.56 -5.06) (end 7.56 -5.06) (layer F.SilkS) (width 0.12))
    (fp_line (start -2.56 4.06) (end 7.56 4.06) (layer F.SilkS) (width 0.12))
    (fp_line (start -2.56 -5.06) (end -2.56 4.06) (layer F.SilkS) (width 0.12))
    (fp_line (start 7.56 -5.06) (end 7.56 4.06) (layer F.SilkS) (width 0.12))
    (fp_line (start 1.138 -0.955) (end -0.955 1.138) (layer F.Fab) (width 0.1))
    (fp_line (start 0.955 -1.138) (end -1.138 0.955) (layer F.Fab) (width 0.1))
    (fp_line (start 6.138 -0.955) (end 4.046 1.138) (layer F.Fab) (width 0.1))
    (fp_line (start 5.955 -1.138) (end 3.863 0.955) (layer F.Fab) (width 0.1))
    (fp_line (start 6.275 -1.069) (end 6.181 -0.976) (layer F.SilkS) (width 0.12))
    (fp_line (start 3.99 1.216) (end 3.931 1.274) (layer F.SilkS) (width 0.12))
    (fp_line (start 6.07 -1.275) (end 6.011 -1.216) (layer F.SilkS) (width 0.12))
    (fp_line (start 3.82 0.976) (end 3.726 1.069) (layer F.SilkS) (width 0.12))
    (fp_line (start -2.8 2.56) (end -2.8 4.3) (layer F.SilkS) (width 0.12))
    (fp_line (start -2.8 4.3) (end -1.3 4.3) (layer F.SilkS) (width 0.12))
    (fp_line (start -3 -5.5) (end -3 4.5) (layer F.CrtYd) (width 0.05))
    (fp_line (start -3 4.5) (end 8 4.5) (layer F.CrtYd) (width 0.05))
    (fp_line (start 8 4.5) (end 8 -5.5) (layer F.CrtYd) (width 0.05))
    (fp_line (start 8 -5.5) (end -3 -5.5) (layer F.CrtYd) (width 0.05))
    (fp_text user %R (at 2.5 -6.06) (layer F.Fab)
      (effects (font (size 1 1) (thickness 0.15)))
    )
    (pad 1 thru_hole rect (at 0 0) (size 2.5 2.5) (drill 1.3) (layers *.Cu *.Mask)
      (net 1 BAT_V))
    (pad 2 thru_hole circle (at 5 0) (size 2.5 2.5) (drill 1.3) (layers *.Cu *.Mask)
      (net 1 BAT_V))
    (model ${KISYS3DMOD}/TerminalBlock_RND.3dshapes/TerminalBlock_RND_205-00001_1x02_P5.00mm_Horizontal.wrl
      (at (xyz 0 0 0))
      (scale (xyz 1 1 1))
      (rotate (xyz 0 0 0))
    )
  )

  (module TerminalBlock_RND:TerminalBlock_RND_205-00001_1x02_P5.00mm_Horizontal (layer F.Cu) (tedit 5B294F8C) (tstamp 60AA2B9C)
    (at 110.425 60.525)
    (descr "terminal block RND 205-00001, 2 pins, pitch 5mm, size 10x9mm^2, drill diamater 1.3mm, pad diameter 2.5mm, see http://cdn-reichelt.de/documents/datenblatt/C151/RND_205-00001_DB_EN.pdf, script-generated using https://github.com/pointhi/kicad-footprint-generator/scripts/TerminalBlock_RND")
    (tags "THT terminal block RND 205-00001 pitch 5mm size 10x9mm^2 drill 1.3mm pad 2.5mm")
    (path /60483920)
    (fp_text reference J3 (at 2.5 5.6) (layer F.SilkS)
      (effects (font (size 1 1) (thickness 0.15)))
    )
    (fp_text value "Bat -" (at 2.5 5.06) (layer F.Fab)
      (effects (font (size 1 1) (thickness 0.15)))
    )
    (fp_text user %R (at 2.5 -6.06) (layer F.Fab)
      (effects (font (size 1 1) (thickness 0.15)))
    )
    (fp_line (start 8 -5.5) (end -3 -5.5) (layer F.CrtYd) (width 0.05))
    (fp_line (start 8 4.5) (end 8 -5.5) (layer F.CrtYd) (width 0.05))
    (fp_line (start -3 4.5) (end 8 4.5) (layer F.CrtYd) (width 0.05))
    (fp_line (start -3 -5.5) (end -3 4.5) (layer F.CrtYd) (width 0.05))
    (fp_line (start -2.8 4.3) (end -1.3 4.3) (layer F.SilkS) (width 0.12))
    (fp_line (start -2.8 2.56) (end -2.8 4.3) (layer F.SilkS) (width 0.12))
    (fp_line (start 3.82 0.976) (end 3.726 1.069) (layer F.SilkS) (width 0.12))
    (fp_line (start 6.07 -1.275) (end 6.011 -1.216) (layer F.SilkS) (width 0.12))
    (fp_line (start 3.99 1.216) (end 3.931 1.274) (layer F.SilkS) (width 0.12))
    (fp_line (start 6.275 -1.069) (end 6.181 -0.976) (layer F.SilkS) (width 0.12))
    (fp_line (start 5.955 -1.138) (end 3.863 0.955) (layer F.Fab) (width 0.1))
    (fp_line (start 6.138 -0.955) (end 4.046 1.138) (layer F.Fab) (width 0.1))
    (fp_line (start 0.955 -1.138) (end -1.138 0.955) (layer F.Fab) (width 0.1))
    (fp_line (start 1.138 -0.955) (end -0.955 1.138) (layer F.Fab) (width 0.1))
    (fp_line (start 7.56 -5.06) (end 7.56 4.06) (layer F.SilkS) (width 0.12))
    (fp_line (start -2.56 -5.06) (end -2.56 4.06) (layer F.SilkS) (width 0.12))
    (fp_line (start -2.56 4.06) (end 7.56 4.06) (layer F.SilkS) (width 0.12))
    (fp_line (start -2.56 -5.06) (end 7.56 -5.06) (layer F.SilkS) (width 0.12))
    (fp_line (start -2.56 2.5) (end 7.56 2.5) (layer F.SilkS) (width 0.12))
    (fp_line (start -2.5 2.5) (end 7.5 2.5) (layer F.Fab) (width 0.1))
    (fp_line (start -2.5 2.5) (end -2.5 -5) (layer F.Fab) (width 0.1))
    (fp_line (start -1 4) (end -2.5 2.5) (layer F.Fab) (width 0.1))
    (fp_line (start 7.5 4) (end -1 4) (layer F.Fab) (width 0.1))
    (fp_line (start 7.5 -5) (end 7.5 4) (layer F.Fab) (width 0.1))
    (fp_line (start -2.5 -5) (end 7.5 -5) (layer F.Fab) (width 0.1))
    (fp_circle (center 5 -3) (end 5.9 -3) (layer F.SilkS) (width 0.12))
    (fp_circle (center 5 -3) (end 5.9 -3) (layer F.Fab) (width 0.1))
    (fp_circle (center 5 0) (end 6.68 0) (layer F.SilkS) (width 0.12))
    (fp_circle (center 5 0) (end 6.5 0) (layer F.Fab) (width 0.1))
    (fp_circle (center 0 -3) (end 0.9 -3) (layer F.SilkS) (width 0.12))
    (fp_circle (center 0 -3) (end 0.9 -3) (layer F.Fab) (width 0.1))
    (fp_circle (center 0 0) (end 1.5 0) (layer F.Fab) (width 0.1))
    (fp_arc (start 0 0) (end -0.789 1.484) (angle -29) (layer F.SilkS) (width 0.12))
    (fp_arc (start 0 0) (end -1.484 -0.789) (angle -56) (layer F.SilkS) (width 0.12))
    (fp_arc (start 0 0) (end 0.789 -1.484) (angle -56) (layer F.SilkS) (width 0.12))
    (fp_arc (start 0 0) (end 1.484 0.789) (angle -56) (layer F.SilkS) (width 0.12))
    (fp_arc (start 0 0) (end 0 1.68) (angle -28) (layer F.SilkS) (width 0.12))
    (pad 2 thru_hole circle (at 5 0) (size 2.5 2.5) (drill 1.3) (layers *.Cu *.Mask)
      (net 4 GNDREF))
    (pad 1 thru_hole rect (at 0 0) (size 2.5 2.5) (drill 1.3) (layers *.Cu *.Mask)
      (net 4 GNDREF))
    (model ${KISYS3DMOD}/TerminalBlock_RND.3dshapes/TerminalBlock_RND_205-00001_1x02_P5.00mm_Horizontal.wrl
      (at (xyz 0 0 0))
      (scale (xyz 1 1 1))
      (rotate (xyz 0 0 0))
    )
  )

  (module Package_TO_SOT_SMD:SOT-23 (layer F.Cu) (tedit 5A02FF57) (tstamp 60B6F44F)
    (at 126.675 105.5 180)
    (descr "SOT-23, Standard")
    (tags SOT-23)
    (path /60470BEE)
    (attr smd)
    (fp_text reference Q1 (at 0 -2.5) (layer F.SilkS)
      (effects (font (size 1 1) (thickness 0.15)))
    )
    (fp_text value Q_PMOS_DGS (at 0 2.5) (layer F.Fab)
      (effects (font (size 1 1) (thickness 0.15)))
    )
    (fp_text user %R (at 0 0 90) (layer F.Fab)
      (effects (font (size 0.5 0.5) (thickness 0.075)))
    )
    (fp_line (start -0.7 -0.95) (end -0.7 1.5) (layer F.Fab) (width 0.1))
    (fp_line (start -0.15 -1.52) (end 0.7 -1.52) (layer F.Fab) (width 0.1))
    (fp_line (start -0.7 -0.95) (end -0.15 -1.52) (layer F.Fab) (width 0.1))
    (fp_line (start 0.7 -1.52) (end 0.7 1.52) (layer F.Fab) (width 0.1))
    (fp_line (start -0.7 1.52) (end 0.7 1.52) (layer F.Fab) (width 0.1))
    (fp_line (start 0.76 1.58) (end 0.76 0.65) (layer F.SilkS) (width 0.12))
    (fp_line (start 0.76 -1.58) (end 0.76 -0.65) (layer F.SilkS) (width 0.12))
    (fp_line (start -1.7 -1.75) (end 1.7 -1.75) (layer F.CrtYd) (width 0.05))
    (fp_line (start 1.7 -1.75) (end 1.7 1.75) (layer F.CrtYd) (width 0.05))
    (fp_line (start 1.7 1.75) (end -1.7 1.75) (layer F.CrtYd) (width 0.05))
    (fp_line (start -1.7 1.75) (end -1.7 -1.75) (layer F.CrtYd) (width 0.05))
    (fp_line (start 0.76 -1.58) (end -1.4 -1.58) (layer F.SilkS) (width 0.12))
    (fp_line (start 0.76 1.58) (end -0.7 1.58) (layer F.SilkS) (width 0.12))
    (pad 1 smd rect (at -1 -0.95 180) (size 0.9 0.8) (layers F.Cu F.Paste F.Mask)
      (net 6 "Net-(D1-Pad1)"))
    (pad 2 smd rect (at -1 0.95 180) (size 0.9 0.8) (layers F.Cu F.Paste F.Mask)
      (net 13 CHG))
    (pad 3 smd rect (at 1 0 180) (size 0.9 0.8) (layers F.Cu F.Paste F.Mask)
      (net 14 "Net-(Q1-Pad3)"))
    (model ${KISYS3DMOD}/Package_TO_SOT_SMD.3dshapes/SOT-23.wrl
      (at (xyz 0 0 0))
      (scale (xyz 1 1 1))
      (rotate (xyz 0 0 0))
    )
  )

  (module Package_TO_SOT_SMD:SOT-23 (layer F.Cu) (tedit 5A02FF57) (tstamp 60AA2BDB)
    (at 113.875 87.475 180)
    (descr "SOT-23, Standard")
    (tags SOT-23)
    (path /6047722D)
    (attr smd)
    (fp_text reference Q3 (at 0 -2.5) (layer F.SilkS)
      (effects (font (size 1 1) (thickness 0.15)))
    )
    (fp_text value Q_PMOS_DGS (at 0 2.5) (layer F.Fab)
      (effects (font (size 1 1) (thickness 0.15)))
    )
    (fp_text user %R (at 0 0 90) (layer F.Fab)
      (effects (font (size 0.5 0.5) (thickness 0.075)))
    )
    (fp_line (start -0.7 -0.95) (end -0.7 1.5) (layer F.Fab) (width 0.1))
    (fp_line (start -0.15 -1.52) (end 0.7 -1.52) (layer F.Fab) (width 0.1))
    (fp_line (start -0.7 -0.95) (end -0.15 -1.52) (layer F.Fab) (width 0.1))
    (fp_line (start 0.7 -1.52) (end 0.7 1.52) (layer F.Fab) (width 0.1))
    (fp_line (start -0.7 1.52) (end 0.7 1.52) (layer F.Fab) (width 0.1))
    (fp_line (start 0.76 1.58) (end 0.76 0.65) (layer F.SilkS) (width 0.12))
    (fp_line (start 0.76 -1.58) (end 0.76 -0.65) (layer F.SilkS) (width 0.12))
    (fp_line (start -1.7 -1.75) (end 1.7 -1.75) (layer F.CrtYd) (width 0.05))
    (fp_line (start 1.7 -1.75) (end 1.7 1.75) (layer F.CrtYd) (width 0.05))
    (fp_line (start 1.7 1.75) (end -1.7 1.75) (layer F.CrtYd) (width 0.05))
    (fp_line (start -1.7 1.75) (end -1.7 -1.75) (layer F.CrtYd) (width 0.05))
    (fp_line (start 0.76 -1.58) (end -1.4 -1.58) (layer F.SilkS) (width 0.12))
    (fp_line (start 0.76 1.58) (end -0.7 1.58) (layer F.SilkS) (width 0.12))
    (pad 1 smd rect (at -1 -0.95 180) (size 0.9 0.8) (layers F.Cu F.Paste F.Mask)
      (net 16 "Net-(Q3-Pad1)"))
    (pad 2 smd rect (at -1 0.95 180) (size 0.9 0.8) (layers F.Cu F.Paste F.Mask)
      (net 17 ~TRK~))
    (pad 3 smd rect (at 1 0 180) (size 0.9 0.8) (layers F.Cu F.Paste F.Mask)
      (net 18 "Net-(Q3-Pad3)"))
    (model ${KISYS3DMOD}/Package_TO_SOT_SMD.3dshapes/SOT-23.wrl
      (at (xyz 0 0 0))
      (scale (xyz 1 1 1))
      (rotate (xyz 0 0 0))
    )
  )

  (module Package_TO_SOT_SMD:SOT-23 (layer F.Cu) (tedit 5A02FF57) (tstamp 60B6EAF7)
    (at 123.325 87.8 180)
    (descr "SOT-23, Standard")
    (tags SOT-23)
    (path /604AFE72)
    (attr smd)
    (fp_text reference Q4 (at 0 -2.5) (layer F.SilkS)
      (effects (font (size 1 1) (thickness 0.15)))
    )
    (fp_text value Q_PMOS_DGS (at 0 2.5) (layer F.Fab)
      (effects (font (size 1 1) (thickness 0.15)))
    )
    (fp_line (start 0.76 1.58) (end -0.7 1.58) (layer F.SilkS) (width 0.12))
    (fp_line (start 0.76 -1.58) (end -1.4 -1.58) (layer F.SilkS) (width 0.12))
    (fp_line (start -1.7 1.75) (end -1.7 -1.75) (layer F.CrtYd) (width 0.05))
    (fp_line (start 1.7 1.75) (end -1.7 1.75) (layer F.CrtYd) (width 0.05))
    (fp_line (start 1.7 -1.75) (end 1.7 1.75) (layer F.CrtYd) (width 0.05))
    (fp_line (start -1.7 -1.75) (end 1.7 -1.75) (layer F.CrtYd) (width 0.05))
    (fp_line (start 0.76 -1.58) (end 0.76 -0.65) (layer F.SilkS) (width 0.12))
    (fp_line (start 0.76 1.58) (end 0.76 0.65) (layer F.SilkS) (width 0.12))
    (fp_line (start -0.7 1.52) (end 0.7 1.52) (layer F.Fab) (width 0.1))
    (fp_line (start 0.7 -1.52) (end 0.7 1.52) (layer F.Fab) (width 0.1))
    (fp_line (start -0.7 -0.95) (end -0.15 -1.52) (layer F.Fab) (width 0.1))
    (fp_line (start -0.15 -1.52) (end 0.7 -1.52) (layer F.Fab) (width 0.1))
    (fp_line (start -0.7 -0.95) (end -0.7 1.5) (layer F.Fab) (width 0.1))
    (fp_text user %R (at 0 0 90) (layer F.Fab)
      (effects (font (size 0.5 0.5) (thickness 0.075)))
    )
    (pad 3 smd rect (at 1 0 180) (size 0.9 0.8) (layers F.Cu F.Paste F.Mask)
      (net 8 "Net-(D3-Pad2)"))
    (pad 2 smd rect (at -1 0.95 180) (size 0.9 0.8) (layers F.Cu F.Paste F.Mask)
      (net 19 ~SLOW~))
    (pad 1 smd rect (at -1 -0.95 180) (size 0.9 0.8) (layers F.Cu F.Paste F.Mask)
      (net 18 "Net-(Q3-Pad3)"))
    (model ${KISYS3DMOD}/Package_TO_SOT_SMD.3dshapes/SOT-23.wrl
      (at (xyz 0 0 0))
      (scale (xyz 1 1 1))
      (rotate (xyz 0 0 0))
    )
  )

  (module Resistor_SMD:R_0805_2012Metric (layer F.Cu) (tedit 5B36C52B) (tstamp 60B6F301)
    (at 136.85 108.5125 90)
    (descr "Resistor SMD 0805 (2012 Metric), square (rectangular) end terminal, IPC_7351 nominal, (Body size source: https://docs.google.com/spreadsheets/d/1BsfQQcO9C6DZCsRaXUlFlo91Tg2WpOkGARC1WS5S8t0/edit?usp=sharing), generated with kicad-footprint-generator")
    (tags resistor)
    (path /60488D74)
    (attr smd)
    (fp_text reference R1 (at 0 -1.65 90) (layer F.SilkS)
      (effects (font (size 1 1) (thickness 0.15)))
    )
    (fp_text value R_US (at 0 1.65 90) (layer F.Fab)
      (effects (font (size 1 1) (thickness 0.15)))
    )
    (fp_line (start -1 0.6) (end -1 -0.6) (layer F.Fab) (width 0.1))
    (fp_line (start -1 -0.6) (end 1 -0.6) (layer F.Fab) (width 0.1))
    (fp_line (start 1 -0.6) (end 1 0.6) (layer F.Fab) (width 0.1))
    (fp_line (start 1 0.6) (end -1 0.6) (layer F.Fab) (width 0.1))
    (fp_line (start -0.258578 -0.71) (end 0.258578 -0.71) (layer F.SilkS) (width 0.12))
    (fp_line (start -0.258578 0.71) (end 0.258578 0.71) (layer F.SilkS) (width 0.12))
    (fp_line (start -1.68 0.95) (end -1.68 -0.95) (layer F.CrtYd) (width 0.05))
    (fp_line (start -1.68 -0.95) (end 1.68 -0.95) (layer F.CrtYd) (width 0.05))
    (fp_line (start 1.68 -0.95) (end 1.68 0.95) (layer F.CrtYd) (width 0.05))
    (fp_line (start 1.68 0.95) (end -1.68 0.95) (layer F.CrtYd) (width 0.05))
    (fp_text user %R (at 0 0 90) (layer F.Fab)
      (effects (font (size 0.5 0.5) (thickness 0.08)))
    )
    (pad 1 smd roundrect (at -0.9375 0 90) (size 0.975 1.4) (layers F.Cu F.Paste F.Mask) (roundrect_rratio 0.25)
      (net 5 +5V))
    (pad 2 smd roundrect (at 0.9375 0 90) (size 0.975 1.4) (layers F.Cu F.Paste F.Mask) (roundrect_rratio 0.25)
      (net 15 "Net-(Q2-Pad2)"))
    (model ${KISYS3DMOD}/Resistor_SMD.3dshapes/R_0805_2012Metric.wrl
      (at (xyz 0 0 0))
      (scale (xyz 1 1 1))
      (rotate (xyz 0 0 0))
    )
  )

  (module Resistor_SMD:R_0805_2012Metric (layer F.Cu) (tedit 5B36C52B) (tstamp 60AA2C12)
    (at 132.1 103.525 270)
    (descr "Resistor SMD 0805 (2012 Metric), square (rectangular) end terminal, IPC_7351 nominal, (Body size source: https://docs.google.com/spreadsheets/d/1BsfQQcO9C6DZCsRaXUlFlo91Tg2WpOkGARC1WS5S8t0/edit?usp=sharing), generated with kicad-footprint-generator")
    (tags resistor)
    (path /60471E69)
    (attr smd)
    (fp_text reference R2 (at 0 -1.65 90) (layer F.SilkS)
      (effects (font (size 1 1) (thickness 0.15)))
    )
    (fp_text value R_US (at 0 1.65 90) (layer F.Fab)
      (effects (font (size 1 1) (thickness 0.15)))
    )
    (fp_line (start -1 0.6) (end -1 -0.6) (layer F.Fab) (width 0.1))
    (fp_line (start -1 -0.6) (end 1 -0.6) (layer F.Fab) (width 0.1))
    (fp_line (start 1 -0.6) (end 1 0.6) (layer F.Fab) (width 0.1))
    (fp_line (start 1 0.6) (end -1 0.6) (layer F.Fab) (width 0.1))
    (fp_line (start -0.258578 -0.71) (end 0.258578 -0.71) (layer F.SilkS) (width 0.12))
    (fp_line (start -0.258578 0.71) (end 0.258578 0.71) (layer F.SilkS) (width 0.12))
    (fp_line (start -1.68 0.95) (end -1.68 -0.95) (layer F.CrtYd) (width 0.05))
    (fp_line (start -1.68 -0.95) (end 1.68 -0.95) (layer F.CrtYd) (width 0.05))
    (fp_line (start 1.68 -0.95) (end 1.68 0.95) (layer F.CrtYd) (width 0.05))
    (fp_line (start 1.68 0.95) (end -1.68 0.95) (layer F.CrtYd) (width 0.05))
    (fp_text user %R (at 0 0 90) (layer F.Fab)
      (effects (font (size 0.5 0.5) (thickness 0.08)))
    )
    (pad 1 smd roundrect (at -0.9375 0 270) (size 0.975 1.4) (layers F.Cu F.Paste F.Mask) (roundrect_rratio 0.25)
      (net 13 CHG))
    (pad 2 smd roundrect (at 0.9375 0 270) (size 0.975 1.4) (layers F.Cu F.Paste F.Mask) (roundrect_rratio 0.25)
      (net 6 "Net-(D1-Pad1)"))
    (model ${KISYS3DMOD}/Resistor_SMD.3dshapes/R_0805_2012Metric.wrl
